6940700
6960000
6964444
6985555
6990999
6991390
7011991
7030100
1111110
2471459
2121210
1136924
2172008
2200215
1171857
1674938
2000001
2000048
2000151
2000153

2000157
2000159
2000160
2000162
2000164
2000166
2000168
2000170
2000172
2000174
2000176
2000178
2000180
2000182
2000184
2000186
2000188
2000190
2000192
2000194
1212321
2000196
2000198
2000201
2000203
2000205
2000207
2000209
2000211
2000213
2000215
2000217
2000219
2000220
2000222
2000224
2000228
2000230
2000232
2000234
2000236
2000238
2000240
2000242
2000244
2000246
2000248
2000250
2000252
2000254
2000256
2000258
2000261
2000263
2000265
2000267
2000269
2000271
2000273
2000275
2000277
2000279
2000281
2000283
2000285
2000287
2000289
2000291
2000293
2000295
2000300
2222221
2243800
1016823
1022092
1029950
1040544
1001987
1081130
1333393
1353644
5511000
6115555
6117111
5510000
5511118
6123000
4909999
5552879
5553395
5553707
5553977
5554100
5554300
5554376
5555000
5559559
5559712
5559904
4994535
5546550
5553370
5553422
5553562
5554134
6137734
5000161
5555807
5557810
5559777
5559905
6145555
5325353
6000001
6000003
6000005
5095000
4680001
5970450
5757500
6000002
6000004
6000006
5130000
5454302
5722690
5135307
5396666
4107700
3439997
2542010
1991222
1992500
2145964
3471555
3474820
2000142
2000144
2000150
2000152
2000154
2000156
2000161
2000163
2000165
2000169
2000171
2000173
4173888
2000175
2000177
2000179
2000181
2000183
2000185
2000187
2000189
2000191
2000193
2000195
2000197
2000199
2000200
2000202
2000208
2000210
2000212
2000214
2000216
2000218
2000221
2000223
2000225
2000227
2000229
2000231
2000233
2000235
2000237
